34 16
14 15 15 15 14 15 15 15 15 15 15 15 15 15 15 15 15 15 15 15 15 15 15 15 14 14 15 15 15 15 15 15 15 15
15 15 15 15 14 14 14 15 15 15 15 15 15 15 15 15 15 15 15 15 15 15 15 15 15 15 15 15 15 15 15 15 15 15
15 15 15 15 14 14 14 15 15 14 14 15 15 15 15 15 15 15 15 15 15 15 15 15 15 15 15 15 15 15 15 15 15 15
15 15 14 15 15 15 15 15 14 15 15 15 15 15 15 15 14 15 14 15 15 15 15 15 15 15 15 15 15 15 15 15 15 15
15 15 15 15 15 15 15 14 14 15 15 15 15 15 15 15 15 15 15 15 15 15 15 15 15 15 15 15 15 15 15 15 15 15
14 15 15 15 14 14 14 15 14 15 15 15 15 15 15 15 15 14 15 14 15 15 15 15 15 15 15 15 15 15 15 15 15 15
15 15 15 14 15 14 15 15 15 15 15 14 15 15 15 15 15 15 14 15 15 15 15 15 15 15 15 15 15 15 15 15 15 15
15 15 15 14 14 14 15 15 15 14 14 14 13 16 13 16 13 16 15 15 15 15 15 15 15 15 15 15 15 15 15 15 15 15
15 15 15 15 15 15 15 15 15 15 15 15 15 15 15 15 15 15 15 15 15 15 15 15 15 15 15 15 15 15 15 15 15 15
15 15 15 15 15 15 15 15 15 15 14 15 15 15 15 15 15 15 15 15 15 15 15 15 15 15 15 15 15 15 15 15 15 15
15 15 15 15 15 15 15 15 15 15 15 15 15 15 15 15 15 15 15 15 15 15 15 15 15 15 15 15 15 15 15 15 15 15
15 15 15 15 14 14 16 13 16 13 16 13 16 14 14 14 14 16 13 16 13 16 13 16 13 15 15 15 15 15 15 15 15 15
15 15 15 15 15 15 15 15 15 15 15 15 15 15 15 15 15 15 15 15 15 15 15 15 15 15 15 15 15 15 15 15 15 15
14 15 15 15 15 15 15 15 14 15 14 14 15 15 15 15 15 15 15 15 15 15 15 15 15 15 15 15 15 15 15 15 15 15
15 15 15 15 15 15 15 14 14 14 14 15 14 14 14 15 15 15 15 15 15 15 15 15 15 15 15 15 15 15 15 15 15 15
15 15 15 14 14 14 14 14 14 15 14 14 14 15 15 15 15 15 15 15 15 15 15 15 15 15 15 15 15 15 15 15 15 15